
247 events fall inside the price window
  symbol book_close      cash   bonus  gap_offset    gap  expected_gap  cash_drag  pct_on_day
   NABIL 2026-09-30 10.800000  5.0000         0.0  -4.76         -4.76      -2.00       -1.55
   NABIL 2025-12-31 12.500000  0.0000         NaN   0.00          0.00      -2.47       -1.93
    NIMB 2026-01-02  0.000000  0.0000         NaN   0.00          0.00       0.00        0.16
     SCB 2025-12-02 19.000000  0.0000         NaN   0.00          0.00      -2.85       -3.88
     HBL 2026-01-05  0.000000  0.0000         NaN   0.00          0.00       0.00        0.37
     SBI 2025-12-19  5.000000  4.0000         0.0  -3.85         -3.85      -1.26       -1.78
    NICA 2026-05-20  0.000000  0.0000         NaN   0.00          0.00       0.00        1.15
     MBL 2026-09-28  3.000000  3.0000         0.0  -2.91         -2.91      -1.20       -0.43
     LSL 2025-12-16  0.530000 10.0000         0.0  -9.09         -9.09      -0.25       -0.44
     KBL 2026-01-02  0.000000  0.0000         NaN   0.00          0.00       0.00       -0.28
     SBL 2026-10-02 10.000000 10.0000         0.0  -9.09         -9.09      -2.39       -2.41
     SBL 2025-11-03  5.530000  5.0000         0.0  -4.76         -4.76      -1.58       -1.29
     SHL 2025-11-21 16.578947 15.0000         0.0 -13.04        -13.04      -3.49       -0.61
     OHL 2026-09-29  0.000000  0.0000         NaN   0.00          0.00       0.00       -1.57
    NHPC 2026-06-30  0.000000  0.0000         NaN   0.00          0.00       0.00       -2.67
    CHCL 2026-01-01  4.000000  8.0000         0.0  -7.41         -7.41      -0.85        0.35
     STC 2026-05-27  0.500000  9.5000         0.0  -8.68         -8.68      -0.01        2.66
    CBBL 2025-12-31 12.500000 12.5000         0.0 -11.11        -11.11      -1.35        0.88
    DDBL 2025-12-31  5.000000 10.0000         0.0  -9.09         -9.09      -0.62        0.49
  SANIMA 2026-09-17 10.000000  0.0000         NaN   0.00          0.00      -2.68       -2.36
    NICL 2025-12-29  6.315800  0.0000         NaN   0.00          0.00      -1.24       -1.67
    RBCL 2026-09-03  0.000000  0.0000         NaN   0.00          0.00       0.00        0.41
   NLICL 2026-01-01  8.500000  4.0000         0.0  -3.85         -3.85      -1.46       -0.64
    UAIL 2026-07-03  0.225600  4.2857         0.0  -4.11         -4.11      -0.05       -0.86
    SPIL 2026-01-02 25.000000  0.0000         NaN   0.00          0.00      -3.29       -3.95
     NIL 2026-02-08 12.789400  3.0000         0.0  -2.91         -2.91      -2.01       -0.93
    PRIN 2026-04-09  0.457900  8.7000         0.0  -8.00         -8.00      -0.07        1.29
  SALICO 2026-01-04 15.000000  0.0000         NaN   0.00          0.00      -2.43       -2.02
     IGI 2025-12-31  5.000000  0.0000         NaN   0.00          0.00      -1.20        0.36
    NLIC 2025-12-22 16.050000  5.0000         0.0  -4.76         -4.76      -2.06       -2.28
    LICN 2026-01-01 21.050000  0.0000         NaN   0.00          0.00      -2.33       -1.99
    SICL 2025-12-29  0.315800  6.0000         0.0  -5.66         -5.66      -0.05        1.87
     NFS 2026-01-01  0.000000  0.0000         NaN   0.00          0.00       0.00       -0.24
     BNL 2025-12-26  0.000000  0.0000         NaN   0.00          0.00       0.00        1.99
     NLO 2026-09-21  6.052640 15.0000         0.0 -13.04        -13.04      -2.51       12.47
    GUFL 2025-12-31  0.000000  0.0000         NaN   0.00          0.00       0.00        1.00
     CIT 2026-01-05  8.000000  5.0000         0.0  -4.76         -4.76      -0.46        0.99
     BNT 2025-12-26  0.000000  0.0000         NaN   0.00          0.00       0.00        0.82
     UNL 2025-10-28  0.000000  0.0000         NaN   0.00          0.00       0.00       -3.88
     BFC 2026-01-02  0.000000  0.0000         NaN   0.00          0.00       0.00       -0.92
    GFCL 2026-03-16  0.000000  0.0000         NaN   0.00          0.00       0.00       -1.98
     HDL 2025-11-06  5.000000 20.0000         0.0 -16.67        -16.67      -0.43        2.98
     PFL 2026-01-14  0.000000  0.0000         NaN   0.00          0.00       0.00        1.32
     NMB 2025-12-24  5.000000  5.0000         0.0  -4.76         -4.76      -2.06       -3.16
    SIFC 2026-01-02  6.400000  0.0000         NaN   0.00          0.00      -1.28       -1.18
    CFCL 2026-01-01  0.000000  0.0000         NaN   0.00          0.00       0.00       -1.47
     JFL 2025-12-23  0.000000  0.0000         NaN   0.00          0.00       0.00        1.32
    PRVU 2026-01-02  0.000000  0.0000         NaN   0.00          0.00       0.00       -0.27
   GMFIL 2026-01-04  0.000000  0.0000         NaN   0.00          0.00       0.00       -1.30
   SWBBL 2025-12-28  4.363500  5.6365         0.0  -5.34         -5.34      -0.60        1.24
    ICFC 2026-09-21 10.526300  0.0000         NaN   0.00          0.00      -1.74       -1.02
    ICFC 2025-12-05 15.789500  0.0000         NaN   0.00          0.00      -2.42       -3.63
    EDBL 2026-08-25  0.000000  0.0000         NaN   0.00          0.00       0.00       -0.27
     NTC 2026-01-04 30.000000  0.0000         NaN   0.00          0.00      -3.31       -4.09
   PROFL 2026-01-02  0.000000  0.0000         NaN   0.00          0.00       0.00       -0.44
   GBIME 2026-09-21  6.000000  4.0000         0.0  -3.84         -3.85      -2.39       -1.34
   GBIME 2025-11-02  8.000000  0.0000         NaN   0.00          0.00      -3.24       -3.60
   CZBIL 2026-06-09  0.000000  0.0000         NaN   0.00          0.00       0.00       -0.49
   CZBIL 2025-11-03  0.263000  5.0000         0.0  -4.76         -4.76      -0.13        0.00
    LBBL 2026-01-05  0.000000  0.0000         NaN   0.00          0.00       0.00        6.81
    AHPC 2026-09-29  0.263000  5.0000         0.0  -4.76         -4.76      -0.10       -1.05
    AHPC 2026-01-02  0.263000  5.0000         0.0  -4.76         -4.76      -0.10       -0.71
     MDB 2025-11-09 10.000000  0.0000         NaN   0.00          0.00      -1.69       -4.07
   ALICL 2026-02-12  5.526300  5.0000         0.0  -4.76         -4.76      -1.26        1.56
     HLI 2026-01-29  0.000000  0.0000         NaN   0.00          0.00       0.00       -0.32
  NMLBBL 2026-07-03  0.000000  0.0000         NaN   0.00          0.00       0.00        0.00
    ADBL 2025-11-30  9.750000  3.2500         0.0  -3.15         -3.15      -3.06       -3.63
   SJLIC 2026-01-02 13.000000  0.0000         NaN   0.00          0.00      -2.80       -4.04
    GBBL 2025-11-04  4.530000  6.0000         0.0  -5.66         -5.66      -1.15       -0.33
    JBBL 2026-02-26  0.000000  0.0000         NaN   0.00          0.00       0.00        0.27
   CORBL 2026-02-11  0.000000  0.0000         NaN   0.00          0.00       0.00        2.05
   KSBBL 2026-09-03 15.000000  0.0000         NaN   0.00          0.00      -3.12       -3.54
    MPFL 2026-08-21  0.000000  0.0000         NaN   0.00          0.00       0.00       -0.52
   SADBL 2026-09-24  6.526300  4.0000         0.0  -3.85         -3.85      -1.59       -1.71
   SADBL 2025-12-09  5.358300  5.0000         0.0  -4.76         -4.76      -1.39       -0.64
   SHINE 2026-09-29 10.000000  6.0000         0.0  -5.66         -5.66      -2.47       -1.64
   SHINE 2025-11-28 10.000000  3.0000         0.0  -2.91         -2.91      -2.43       -2.83
   FMDBL 2026-01-01  6.500000  0.0000         NaN   0.00          0.00      -0.83       -1.26
    MFIL 2025-10-08 15.000000  0.0000         NaN   0.00          0.00      -2.29       -5.96
   SLBBL 2026-05-05  0.000000  0.0000         NaN   0.00          0.00       0.00        0.43
   SLBBL 2026-01-02  0.750000 14.2500         0.0 -12.47        -12.47      -0.09        1.69
     NLG 2026-01-06  3.368400  4.0000         0.0  -3.85         -3.85      -0.50        1.38
   SINDU 2026-02-12  0.000000  0.0000         NaN   0.00          0.00       0.00        0.26
   SKBBL 2025-12-24  0.750000 14.2500         0.0 -12.47        -12.47      -0.10       -1.29
   GBLBS 2026-06-05  0.000000  0.0000         NaN   0.00          0.00       0.00       -0.76
    RLFL 2026-01-01  0.000000  0.0000         NaN   0.00          0.00       0.00       -1.63
    SHPC 2026-03-26  0.000000  0.0000         NaN   0.00          0.00       0.00       -0.30
   KMCDB 2026-01-05  0.526300 10.0000         0.0  -9.09         -9.09      -0.05        1.76
    LLBS 2025-12-29  0.000000  0.0000         NaN   0.00          0.00       0.00        2.00
   BARUN 2025-11-30  0.250000  4.7500         0.0  -4.54         -4.53      -0.07       -1.17
    VLBS 2026-06-25  0.000000  0.0000         NaN   0.00          0.00       0.00       -0.71
   HLBSL 2026-01-02  0.350000  6.6500         0.0  -6.24         -6.24      -0.04        0.34
   MATRI 2026-07-07  0.000000  0.0000         NaN   0.00          0.00       0.00        0.01
   MATRI 2026-06-07  0.000000  0.0000         NaN   0.00          0.00       0.00       -1.33
   JSLBB 2026-02-24  0.000000  0.0000         NaN   0.00          0.00       0.00        1.13
     API 2026-01-02  0.263200  5.0000         0.0  -4.76         -4.76      -0.09        0.43
   NMBMF 2026-03-31  0.000000  0.0000         NaN   0.00          0.00       0.00        1.77
    GILB 2026-01-02  0.250000  4.7500         0.0  -4.53         -4.53      -0.02        2.50
    SWMF 2026-01-02  0.000000  0.0000         NaN   0.00          0.00       0.00        0.07
    MERO 2026-01-02  0.250000  4.7500         0.0  -4.53         -4.53      -0.04       -0.11
   HIDCL 2025-12-22  2.000000  1.5000         1.0  -1.48         -1.48      -0.76       -1.52
    NGPL 2025-11-30  0.250000  4.7500         0.0  -4.53         -4.53      -0.07        2.70
   GRDBL 2026-01-01  0.423140  8.0396         0.0  -7.44         -7.44      -0.04        2.12
   NMFBS 2026-01-06  0.750000 14.2500         0.0 -12.47        -12.47      -0.07        0.69
    RSDC 2025-11-11  8.000000  0.0000         NaN   0.00          0.00      -1.28       -0.48
    KKHC 2026-01-05  0.000000  0.0000         NaN   0.00          0.00       0.00        0.80
    SPDL 2025-12-29  0.526300 10.0000         0.0  -9.09         -9.09      -0.13        0.49
    UMHL 2026-04-17  0.368420  7.0000         0.0  -6.54         -6.54      -0.06        0.01
   SMATA 2026-01-02  0.263200  5.0000         0.0  -4.76         -4.76      -0.03        1.34
    HPPL 2026-07-02  0.000000  0.0000         NaN   0.00          0.00       0.00        0.50
    MSLB 2026-01-01  0.250000  4.7500         0.0  -4.53         -4.53      -0.02       -0.56
     SMB 2025-12-31  0.500000  9.5000         0.0  -8.68         -8.68      -0.03        1.02
    USLB 2026-03-30  0.000000  0.0000         NaN   0.00          0.00       0.00        0.33
   RADHI 2025-12-23  0.000000  0.0000         NaN   0.00          0.00       0.00        0.00
   NADEP 2026-06-25  0.000000  0.0000         NaN   0.00          0.00       0.00       -1.26
   PMHPL 2025-12-29  0.000000  0.0000         NaN   0.00          0.00       0.00       -1.88
    KPCL 2026-01-02  0.368400  7.0000         0.0  -6.54         -6.54      -0.07       -2.38
   AKJCL 2026-06-05  0.000000  0.0000         NaN   0.00          0.00       0.00       -2.80
   AKJCL 2026-04-05  0.000000  0.0000         NaN   0.00          0.00       0.00       -7.42
  ACLBSL 2026-01-02  0.000000  0.0000         NaN   0.00          0.00       0.00       -0.54
   UPPER 2026-04-03  0.000000  0.0000         NaN   0.00          0.00       0.00       -4.52
   SLBSL 2026-04-01  0.000000  0.0000         NaN   0.00          0.00       0.00       -2.31
   ALBSL 2025-12-08  0.500000  9.5000         0.0  -8.68         -8.68      -0.05       -3.25
   SHIVM 2025-11-27 10.000000  2.5000         0.0  -2.44         -2.44      -1.67       -1.23
    MHNL 2026-01-02  0.000000  0.0000         NaN   0.00          0.00       0.00        0.79
   HURJA 2025-11-27  0.000000  0.0000         NaN   0.00          0.00       0.00        0.35
   GLBSL 2025-10-31  0.750000 14.2500         0.0 -12.47        -12.47      -0.04        2.92
   SMFBS 2026-07-06  0.000000  0.0000         NaN   0.00          0.00       0.00       -0.43
   UNHPL 2026-04-09  0.000000  0.0000         NaN   0.00          0.00       0.00        0.25
   UNHPL 2025-12-24  0.000000  0.0000         NaN   0.00          0.00       0.00       -1.53
    ILBS 2026-01-01  0.000000  0.0000         NaN   0.00          0.00       0.00       -2.62
    ILBS 2026-01-02  0.000000  0.0000         NaN   0.00          0.00       0.00        4.02
    RHPL 2026-01-01  0.000000  0.0000         NaN   0.00          0.00       0.00        0.00
    SJCL 2026-01-04  0.000000  0.0000         NaN   0.00          0.00       0.00       -0.91
  SAPDBL 2026-06-16  0.000000  0.0000         NaN   0.00          0.00       0.00       -2.04
   HDHPC 2026-06-04  0.000000  0.0000         NaN   0.00          0.00       0.00       -1.12
 NICLBSL 2026-06-02  0.000000  0.0000         NaN   0.00          0.00       0.00        0.17
   SMPDA 2026-05-19  0.000000  0.0000         NaN   0.00          0.00       0.00       -0.49
     NRN 2025-11-27  2.105000 40.0000         0.0 -28.57        -28.57      -0.15        9.62
    SGIC 2026-05-06  0.263200  5.0000         0.0  -4.76         -4.76      -0.06        0.51
     MEN 2025-12-03  1.052600 20.0000         0.0 -16.67        -16.67      -0.19       -0.54
    UMRH 2026-01-02  0.260000  5.0000         0.0  -4.76         -4.76      -0.05        7.70
    PMLI 2026-01-05  4.421000  4.0000         0.0  -3.85         -3.85      -0.92        2.96
     CGH 2025-12-26  0.263200  5.0000         0.0  -4.76         -4.76      -0.03        1.44
   NIFRA 2026-09-30  5.263200  0.0000         NaN   0.00          0.00      -2.09       -1.98
   NIFRA 2025-11-28  6.315800  0.0000         NaN   0.00          0.00      -2.20       -4.11
     GLH 2026-01-04  0.000000  0.0000         NaN   0.00          0.00       0.00       -1.12
     GLH 2025-10-28  0.000000  0.0000         NaN   0.00          0.00       0.00        5.26
    SHEL 2025-12-22  0.000000  5.0000         0.0  -4.76         -4.76       0.00        0.21
    RURU 2025-12-28  5.789000 10.0000         0.0  -9.09         -9.09      -0.88        5.16
    CHDC 2026-05-13  0.000000  0.0000         NaN   0.00          0.00       0.00       -0.65
    JBLB 2026-01-05  0.736800 14.0000         0.0 -12.28        -12.28      -0.06        1.98
    SRLI 2025-12-26 10.178000  0.0000         NaN   0.00          0.00      -2.54       -0.25
    MKJC 2026-01-01  0.000000  0.0000         NaN   0.00          0.00       0.00       -1.68
    MLBS 2026-08-21  0.000000  0.0000         NaN   0.00          0.00       0.00        1.90
    MLBS 2026-06-19  0.000000  0.0000         NaN   0.00          0.00       0.00       -0.17
   SAHAS 2025-11-21  1.105300 21.0000         0.0 -17.36        -17.36      -0.20        1.21
     TPC 2025-10-29  0.000000  0.0000         NaN   0.00          0.00       0.00        0.55
     SPC 2025-12-31  0.000000  0.0000         NaN   0.00          0.00       0.00        1.72
   NYADI 2026-01-04  0.000000  0.0000         NaN   0.00          0.00       0.00       -4.32
    MBJC 2025-12-31  0.000000  0.0000         NaN   0.00          0.00       0.00       -0.04
    BNHC 2025-11-25  0.000000  0.0000         NaN   0.00          0.00       0.00       -0.90
     ENL 2026-01-01  5.263150  0.0000         NaN   0.00          0.00      -0.58        0.00
   NESDO 2026-01-05  0.000000  0.0000         NaN   0.00          0.00       0.00        0.28
     GVL 2025-12-31  0.000000  0.0000         NaN   0.00          0.00       0.00        0.47
     BHL 2025-12-29  0.000000  0.0000         NaN   0.00          0.00       0.00       -0.28
   ULBSL 2026-05-13  0.000000  0.0000         NaN   0.00          0.00       0.00        0.41
   ULBSL 2026-05-14  0.000000  0.0000         NaN   0.00          0.00       0.00        0.51
    CYCL 2026-08-04  0.000000  0.0000         NaN   0.00          0.00       0.00        0.00
    RFPL 2026-05-21  0.000000  0.0000         NaN   0.00          0.00       0.00       -1.06
   DORDI 2025-12-22  0.000000  0.0000         NaN   0.00          0.00       0.00       -0.32
    BHDC 2026-01-06  0.263200  5.0000         0.0  -4.76         -4.76      -0.06        2.32
   UHEWA 2026-01-01  0.789000 15.0000         0.0 -13.04        -13.04      -0.15        1.16
    SGHC 2026-10-01  0.000000  0.0000         NaN   0.00          0.00       0.00        1.69
    SGHC 2025-10-10  0.000000  0.0000         NaN   0.00          0.00       0.00       -4.47
     MHL 2026-01-03  0.000000  0.0000         NaN   0.00          0.00       0.00       -0.97
   USHEC 2025-12-24  0.000000  0.0000         NaN   0.00          0.00       0.00        0.00
   RHGCL 2025-12-30  0.000000  0.0000         NaN   0.00          0.00       0.00        0.45
   AVYAN 2026-06-30  0.000000  0.0000         NaN   0.00          0.00       0.00        0.16
    SPHL 2025-12-27  0.000000  0.0000         NaN   0.00          0.00       0.00        2.47
     PPL 2026-03-30  0.000000  0.0000         NaN   0.00          0.00       0.00       -1.79
    DLBS 2026-04-23  0.000000  0.0000         NaN   0.00          0.00       0.00       -0.15
  SIKLES 2025-12-04  0.789000 15.0000         0.0 -13.04        -13.04      -0.14       -0.33
    EHPL 2026-01-04  0.000000  0.0000         NaN   0.00          0.00       0.00        0.26
    PHCL 2025-12-26  0.000000  0.0000         NaN   0.00          0.00       0.00        0.48
    BHPL 2025-10-28  0.000000  0.0000         NaN   0.00          0.00       0.00        3.79
    SMHL 2026-09-08  0.789470 15.0000         0.0 -13.04        -13.04      -0.17        1.91
     SPL 2025-11-30  0.000000  0.0000         NaN   0.00          0.00       0.00       -1.04
    MKHC 2026-01-01  0.000000  0.0000         NaN   0.00          0.00       0.00       -0.28
     KDL 2026-09-25  0.447400  8.5000         0.0  -7.83         -7.83      -0.08        0.71
     KDL 2025-12-16  0.263000  5.0000         0.0  -4.76         -4.76      -0.03        0.70
    SMJC 2025-11-30  0.000000  0.0000         NaN   0.00          0.00       0.00       -1.74
    ANLB 2026-04-09  0.750000 14.2500         0.0 -12.47        -12.47      -0.01       10.00
   MAKAR 2025-11-28  0.000000  0.0000         NaN   0.00          0.00       0.00       -1.94
    MKHL 2025-11-27  0.000000  0.0000         NaN   0.00          0.00       0.00       -1.74
   DOLTI 2026-01-05  0.000000  0.0000         NaN   0.00          0.00       0.00        1.04
    BEDC 2026-01-05  0.000000  0.0000         NaN   0.00          0.00       0.00        0.00
    CITY 2025-12-31  0.000000  0.0000         NaN   0.00          0.00       0.00        0.08
    MCHL 2026-01-05  0.000000  0.0000         NaN   0.00          0.00       0.00       -1.41
     IHL 2025-12-23  0.000000  0.0000         NaN   0.00          0.00       0.00       -1.49
     MEL 2025-12-29  0.000000  0.0000         NaN   0.00          0.00       0.00       -0.77
    RAWA 2025-10-13  0.000000  0.0000         NaN   0.00          0.00       0.00       -1.07
     NRM 2026-01-02  0.000000  0.0000         NaN   0.00          0.00       0.00        0.29
     ILI 2025-12-26 10.526320  0.0000         NaN   0.00          0.00      -2.38        1.13
    GCIL 2025-12-12  0.526300 10.0000         0.0  -9.09         -9.09      -0.13       -1.60
    TSHL 2026-10-01  0.000000  0.0000         NaN   0.00          0.00       0.00       -0.38
    KBSH 2025-12-29  0.000000 10.0000         0.0  -9.09         -9.09       0.00        3.27
    RNLI 2026-01-05 12.000000  0.0000         NaN   0.00          0.00      -2.52       -2.23
    SNLI 2025-12-29 15.263200  5.0000         0.0  -4.76         -4.76      -3.12       -3.17
    MEHL 2026-08-18  0.000000  0.0000         NaN   0.00          0.00       0.00        4.78
    ULHC 2026-01-05  0.000000  0.0000         NaN   0.00          0.00       0.00        1.30
     CLI 2025-12-23 20.000000  0.0000         NaN   0.00          0.00      -3.85       -5.97
   MANDU 2026-08-21 12.526300 10.0000         0.0  -9.09         -9.09      -1.64        0.03
    BGWT 2025-10-07  6.000000 14.0000         NaN   0.00        -12.28      -0.73        1.65
    MSHL 2025-12-28  0.789000 15.0000         0.0 -13.04        -13.04      -0.10        9.49
    SONA 2025-12-29  0.000000  0.0000         NaN   0.00          0.00       0.00       -1.26
    TVCL 2026-01-01  0.000000  0.0000         NaN   0.00          0.00       0.00        0.64
    MKCL 2025-10-31  0.420000  8.0000         0.0  -7.41         -7.41      -0.03        0.79
    CKHL 2025-12-28  0.000000  0.0000         NaN   0.00          0.00       0.00        1.72
    NWCL 2026-02-05  0.000000  0.0000         NaN   0.00          0.00       0.00        1.08
  SARBTM 2025-11-28 15.000000  5.0000         0.0  -4.76         -4.76      -1.72        1.09
    GMLI 2025-12-15  0.000000  0.0000         NaN   0.00          0.00       0.00        0.28
    NMIC 2026-04-09  0.000000  0.0000         NaN   0.00          0.00       0.00        2.59
    OMPL 2026-01-06  0.000000  0.0000         NaN   0.00          0.00       0.00       -3.65
    PURE 2026-09-28  0.000000  0.0000         NaN   0.00          0.00       0.00       -2.08
     TTL 2025-12-31  0.000000  0.0000         NaN   0.00          0.00       0.00        3.60
   SANVI 2025-12-31  0.000000  0.0000         NaN   0.00          0.00       0.00        1.86
 HIMSTAR 2026-01-02  0.000000  0.0000         NaN   0.00          0.00       0.00       -0.77
   MABEL 2026-06-26  0.000000  0.0000         NaN   0.00          0.00       0.00       -2.05
    DHEL 2026-08-30  0.000000  0.0000         NaN   0.00          0.00       0.00       -3.72
   SAGAR 2025-12-29  0.000000  0.0000         NaN   0.00          0.00       0.00       -0.48
 SWASTIK 2026-08-27  0.000000  0.0000         NaN   0.00          0.00       0.00       -1.86
  BUNGAL 2026-01-01  0.000000  0.0000         NaN   0.00          0.00       0.00        4.78
BANDIPUR 2026-01-01  0.000000  0.0000         NaN   0.00          0.00       0.00        0.53
   JHAPA 2025-12-19  0.000000  0.0000         NaN   0.00          0.00       0.00       -0.80
    SAIL 2025-12-22  0.000000  0.0000         NaN   0.00          0.00       0.00       -2.25
   SYPNL 2026-01-02  0.000000  0.0000         NaN   0.00          0.00       0.00        6.16
   SABBL 2026-06-17  0.000000  0.0000         NaN   0.00          0.00       0.00        0.45
    RSML 2026-09-30 30.000000  0.0000         NaN   0.00          0.00      -1.08       -1.66
    BJHL 2026-09-29  0.000000  0.0000         NaN   0.00          0.00       0.00       -2.24
    BJHL 2026-06-01  0.000000  0.0000         NaN   0.00          0.00       0.00       -2.67
    RLEL 2026-09-08  0.000000  0.0000         NaN   0.00          0.00       0.00        0.38
   SKHEL 2026-10-02  0.000000  0.0000         NaN   0.00          0.00       0.00       -2.47
    SIPD 2026-04-30  0.000000  0.0000         NaN   0.00          0.00       0.00        7.91
    PCIL 2026-05-19  0.000000  0.0000         NaN   0.00          0.00       0.00       -0.85
   SNORL 2026-09-24  0.526300 10.0000         0.0  -9.09         -9.09      -0.06        4.65
   SAPIL 2026-09-29  0.000000 10.0000         0.0  -9.09         -9.09       0.00        6.29

Bonus events where the price gap differs from the announced bonus by more than 0.3 points: 1 of 82
symbol book_close  bonus  gap  expected_gap  gap_offset
  BGWT 2025-10-07   14.0  0.0        -12.28         NaN

Bonus events: trading-day offset of the price adjustment from the book close date
gap_offset
0.0    80
1.0     1
NaN     1

Cash-only events: 27, average move on the book close day -2.42%, share of days down 89%
